0 0
0 0
0 0
-29.95730453776448 0
-119.47337784333581 0
-117.02958280590451 0
-116.97691332682389 0
-117.97996147726083 0
-118.1456659340599 0
-118.89335684856435 0
-119.39051401468322 0
-23.01615462130283 -98.56937696488052
1.090346899581348 -92.06999439883762
-3.2411433584952 -92.54094681192814
-3.669523449266502 -89.24072836253984
-0.7082786695783416 -88.20034048455209
1.8665254057535343 -93.93862168243633
-0.23763794283685763 -98.49238016776492
-0.9630544477863205 -97.51733977018397
-6.130395915755715 -95.99373891710232
-14.338144281001625 -93.39333019173868
-30.871020881429917 -93.23308073727893
-49.196561172593285 -94.05469868229534
-54.72066717600158 -103.3560185221476
-66.26711078829074 -133.02260664086205
-70.2271799204868 -147.75829706815318
-66.12446466375631 -147.2653863455173
-61.33490562710158 -109.64268233535357
-59.222627686162646 -99.97127584778329
-57.111599481384516 -103.81435910154002
-57.26768011187794 -119.8279770367545
-55.916879917807854 -135.3874833938753
-56.96374031299678 -132.40647258000882
-54.22275530385089 -118.83205585889144
-51.744741478081316 -105.52117199907202
-41.15275764361473 -99.1294626384189
-37.92257097808779 -95.40193158070382
-27.7798552286231 -95.96320567528657
-17.949322038009505 -98.0314389277365
-11.246376770296362 -96.2475982534262
-10.065912912881654 -96.48454858734743
-10.222617522846514 -97.0221745758415
-6.798294000410602 -95.59492649562534
-5.164726592765245 -94.7472382913985
-4.464923783644674 -94.58792016353289
-3.549342669216394 -94.64195453303583
-3.1627261746571538 -94.58985680452872
-4.362481800828592 -94.33716886401373
-3.488528389875278 -94.29492757663004
-2.0580898224307482 -93.85932942015108
-3.1499028117801617 -94.33169000805749
-4.210636905618628 -94.43039434037254
-3.9699465914078367 -94.49231197485298
-4.467536979573536 -94.45951023253805
-3.4744309527489032 -93.94153208991365
-2.247591853339046 -94.20475450442576
-1.9265943223030182 -93.8607662768921
-2.4839942061968907 -94.22196498185369
-2.760609416877032 -94.00500160445375
-2.6813941229576574 -94.89883934390579
-2.983943409296974 -93.93222955128974
